# Created by Octave 4.4.1, Fri Feb 15 20:09:28 2019 GMT <unknown@LAPTOP-TG35J01B>
# name: ans
# type: scalar
132.33396778523493


# name: y1
# type: matrix
# rows: 150
# columns: 1
 133.815
 130.03500000000003
 131.84499999999997
 134.72
 132.98500000000001
 133.55500000000001
 133.96999999999997
 135.785
 133.96999999999997
 134.80000000000001
 134.72499999999999
 134.80000000000001
 133.54999999999998
 133.815
 134.80000000000001
 131.84499999999997
 134.80000000000001
 134.80000000000001
 133.96999999999997
 134.72499999999999
 133.815
 132.98500000000001
 133.815
 132.98999999999998
 134.80000000000001
 134.95499999999998
 134.875
 134.80000000000001
 131.58499999999998
 133.815
 133.815
 132.98999999999998
 133.96999999999997
 134.72
 134.80000000000001
 133.96999999999997
 134.80000000000001
 131.84999999999999
 134.95499999999998
 133.96999999999997
 133.88999999999999
 132.98500000000001
 131.58499999999998
 133.815
 134.80000000000001
 133.96999999999997
 133.96999999999997
 133.815
 134.80000000000001
 134.69
 134.80000000000001
 132.98500000000001
 133.96999999999997
 133.97499999999999
 131.77500000000001
 135.78
 132.98500000000001
 131.01999999999998
 133.815
 134.875
 133.96999999999997
 134.80000000000001
 134.80000000000001
 133.815
 134.95499999999998
 133.96999999999997
 132.98500000000001
 134.79499999999999
 133.815
 133.96999999999997
 135.94
 135.67499999999998
 133.96999999999997
 133.96999999999997
 132.98500000000001
 134.80500000000001
 135.70499999999998
 133.81999999999999
 134.535
 132.98500000000001
 134.95499999999998
 131.84499999999997
 134.80000000000001
 134.80000000000001
 134.95499999999998
 133.88999999999999
 133.96999999999997
 133.70499999999998
 133.815
 133.96499999999997
 133.96999999999997
 133.815
 133.70499999999998
 133.815
 133.97499999999999
 134.95499999999998
 133.815
 131.77000000000001
 134.80000000000001
 134.69499999999999
 134.80000000000001
 133.96499999999997
 134.80000000000001
 133.815
 133.96999999999997
 133.96999999999997
 133.73999999999998
 133.815
 131.58499999999998
 134.80000000000001
 133.81999999999999
 134.80000000000001
 135.785
 132.905
 133.96999999999997
 133.55500000000001
 131.01999999999998
 133.815
 132.98500000000001
 131.84999999999999
 132.905
 134.79499999999999
 132.98500000000001
 133.96999999999997
 134.94999999999999
 133.815
 134.80000000000001
 134.53999999999999
 133.815
 131.84499999999997
 133.815
 135.785
 133.815
 133.96999999999997
 133.73999999999998
 132.98500000000001
 131.58499999999998
 133.96999999999997
 135.785
 133.96999999999997
 133.815
 134.69
 133.815
 133.96999999999997
 132.98999999999998
 133.815
 132.905
 134.80000000000001
 134.535
 135.785


# name: y10
# type: matrix
# rows: 150
# columns: 1
 132.47049999999996
 133.27199999999999
 131.88799999999998
 132.91899999999998
 132.58350000000002
 132.25899999999999
 132.54599999999999
 132.4725
 133.47799999999998
 132.892
 132.71149999999997
 133.71149999999997
 133.02699999999999
 132.98750000000001
 132.95499999999998
 131.75700000000001
 132.53
 133.52249999999998
 133.666
 133.03899999999999
 132.65899999999999
 132.727
 133.17500000000001
 133.09399999999999
 132.55749999999998
 133.38549999999998
 132.69549999999998
 131.92500000000001
 132.07499999999999
 133.0145
 133.46899999999999
 132.24549999999999
 133.10599999999999
 132.31899999999999
 132.62949999999998
 132.92449999999999
 133.14450000000002
 132.12200000000001
 131.60300000000001
 133.13650000000001
 131.89400000000001
 132.62899999999999
 131.97049999999996
 133.22399999999999
 132.971
 133.28700000000001
 133.2345
 132.92449999999999
 132.44049999999999
 132.67099999999999
 132.83549999999997
 132.62949999999998
 133.51399999999998
 134.15249999999997
 133.1645
 132.79949999999999
 132.66000000000003
 132.49950000000001
 132.77299999999997
 132.52950000000001
 132.4845
 132.08350000000002
 132.72049999999999
 132.69299999999998
 132.012
 132.51599999999999
 132.69749999999999
 133.15249999999997
 132.69549999999998
 132.43700000000001
 132.74350000000001
 132.56149999999997
 133.61249999999998
 132.93799999999999
 133.07499999999999
 132.72149999999999
 133.39949999999999
 133.38999999999999
 133.71299999999999
 132.12200000000001
 132.02450000000002
 132.26749999999998
 132.81
 131.70699999999999
 132.81899999999999
 132.81
 132.69200000000001
 132.0395
 132.85649999999998
 132.3175
 132.75049999999999
 133.13799999999998
 132.99799999999999
 133.053
 132.46950000000001
 132.1215
 132.05249999999998
 132.55749999999998
 132.99349999999998
 132.333
 133.1875
 133.43599999999998
 132.84200000000001
 131.982
 132.02399999999997
 133.35499999999999
 133.33850000000001
 131.67500000000001
 132.07549999999998
 131.85899999999998
 131.74049999999997
 132.89249999999998
 132.44749999999999
 133.28799999999998
 131.89500000000001
 132.72049999999999
 132.86250000000001
 133.2345
 133.3175
 132.38
 131.804
 133.09100000000001
 132.98699999999999
 132.697
 132.7225
 131.57749999999999
 133.04049999999998
 133.21549999999996
 133.256
 132.23499999999999
 132.02199999999999
 132.52950000000001
 132.60650000000001
 132.41749999999999
 133.35849999999999
 132.78899999999999
 132.71350000000001
 133.14299999999997
 131.9725
 132.17500000000001
 131.94149999999999
 132.577
 132.69649999999999
 132.66049999999998
 133.113
 131.18450000000001
 133.12049999999996
 133.3175
 133.13650000000001
 132.56


